TS ITER	TS TL	TS EP	MDEC		 BR L		BRL S	BR R			BRR S	BRLITER	BRRITER	BRLPG	BRRPG	BRLT	BRRT
2000	10	0.10	64	624DCBD6 09AC47C6	32.00	5B7A8B41 6C6B8FC6	32.00	1	1	0.00	0.00	0.00	0.00
2000	10	0.10	128	15FDCEA7 5D5C4515	32.00	69816FB4 3ADC6C93	32.00	1	1	0.00	0.00	0.00	0.00
2000	10	0.30	64	15FDCEA7 5D5C4515	32.00	69816FB4 3ADC6C93	32.00	1	1	0.00	0.00	0.00	0.00
2000	10	0.30	128	15FDCEA7 5D5C4515	32.00	69816FB4 3ADC6C93	32.00	1	1	0.00	0.00	0.00	0.00
2000	10	0.50	64	14FDCEA7 5C5C4515	32.00	69816FB4 3ADC6C93	32.00	1	1	0.00	0.00	0.00	0.00
2000	10	0.50	128	14FDCEA7 5C5C4515	32.00	69816FB4 3ADC6C93	32.00	1	1	0.00	0.00	0.00	1.00
2000	10	0.70	64	042CBE80 6B9594FC	32.00	B96B25A8 0A7BBAAF	32.00	17	16	0.00	0.00	0.00	0.00
2000	10	0.70	128	042CBE80 6B9594FC	32.00	B96B25A8 0A7BBAAF	32.00	17	16	0.00	0.00	0.00	0.00
2000	10	0.90	64	042CBE80 6B9594FC	32.00	B96B25A8 0A7BBAAF	32.00	17	16	1.00	1.00	1.00	1.00
2000	10	0.90	128	042CBE80 6B9594FC	32.00	B96B25A8 0A7BBAAF	32.00	17	1686	1.00	7.00	0.00	8.00
2000	10	1.10	64	5EB24E3D 150FC52F	0.00	98F08597 29ED9A70	0.00	2000	2000	17.00	17.00	11.00	11.00
2000	15	0.10	64	47CBD11B 2E364491	32.00	98F08597 29ED9A70	32.00	1	1	17.00	17.00	0.00	0.00
2000	15	0.10	128	47CBD11B 2E364491	32.00	98F08597 29ED9A70	32.00	1	1	17.00	17.00	0.00	0.00
2000	15	0.30	64	47CBD11B 2E364491	32.00	98F08597 29ED9A70	32.00	1	1	17.00	17.00	0.00	0.00
2000	15	0.30	128	47CBD11B 2E364491	32.00	98F08597 29ED9A70	32.00	1	1	18.00	18.00	0.00	0.00
2000	15	0.50	64	47CBD10B 2E364481	32.00	98F08597 29ED9A70	32.00	2	1	18.00	18.00	0.00	0.00
2000	15	0.50	128	47CBD10B 2E364481	32.00	98F08597 29ED9A70	32.00	2	1	18.00	18.00	1.00	0.00
2000	15	0.70	64	042CBE80 6B9594FC	32.00	B96B25A8 0A7BBAAF	32.00	79	270	18.00	19.00	0.00	1.00
2000	15	0.70	128	042CBE80 6B9594FC	32.00	B96B25A8 0A7BBAAF	32.00	13	14	19.00	19.00	0.00	0.00
2000	15	0.90	64	042CBE80 6B9594FC	32.00	B96B25A8 0A7BBAAF	32.00	13	14	19.00	19.00	0.00	0.00
2000	15	0.90	128	042CBE80 6B9594FC	32.00	B96B25A8 0A7BBAAF	32.00	13	14	19.00	19.00	1.00	1.00
2000	15	1.10	64	638E57BE 09EBBBAE	0.00	A15D27A2 3289B4A5	0.00	2000	2000	28.00	28.00	9.00	9.00
2000	20	0.10	64	07477F1E 6EB2D68E	32.00	A15D27A2 3289B4A5	32.00	1	1	28.00	28.00	0.00	0.00
2000	20	0.10	128	07477F1E 6EB2D68E	32.00	A15D27A2 3289B4A5	32.00	1	1	28.00	28.00	0.00	0.00
2000	20	0.30	64	0F477F1E 66B2D68E	32.00	A15D27A2 3289B4A5	32.00	1	1	28.00	28.00	0.00	0.00
2000	20	0.30	128	0F477F1E 66B2D68E	32.00	A15D27A2 3289B4A5	32.00	1	1	28.00	28.00	0.00	1.00
2000	20	0.50	64	31FA72C3 3967E2B9	32.00	C2247C98 1341617F	32.00	1	1	28.00	28.00	0.00	0.00
2000	20	0.50	128	31FA72C3 3967E2B9	32.00	C2247C98 1341617F	32.00	1	1	28.00	28.00	0.00	0.00
2000	20	0.70	64	042CBE80 6B9594FC	32.00	B96B25A8 0A7BBAAF	32.00	77	16	28.00	28.00	0.00	0.00
2000	20	0.70	128	042CBE80 6B9594FC	32.00	B96B25A8 0A7BBAAF	32.00	145	16	29.00	29.00	1.00	0.00
2000	20	0.90	64	042CBE80 6B9594FC	32.00	B96B25A8 0A7BBAAF	32.00	205	938	30.00	31.00	1.00	3.00
2000	20	0.90	128	042CBE80 6B9594FC	32.00	B96B25A8 0A7BBAAF	32.00	1407	272	36.00	32.00	5.00	1.00
2000	20	1.10	64	FB2F6F44 728AE638	0.00	2E733F13 7F73DBF4	0.00	2000	2000	43.00	43.00	8.00	8.00
2000	25	0.10	64	68146211 0F6DB18B	32.00	2D733F13 7E73DBF4	32.00	1	1	43.00	43.00	0.00	0.00
2000	25	0.10	128	68146211 0F6DB18B	32.00	2D733F13 7E73DBF4	32.00	1	1	43.00	43.00	0.00	0.00
2000	25	0.30	64	68146211 0F6DB18B	32.00	66733F13 7773DBF4	32.00	1	1	43.00	43.00	0.00	0.00
2000	25	0.30	128	68146211 0F6DB18B	32.00	66733F13 7773DBF4	32.00	1	1	43.00	43.00	0.00	0.00
2000	25	0.50	64	59946211 0FEDB18B	32.00	66734513 7773D9F4	32.00	1	2	43.00	43.00	0.00	0.00
2000	25	0.50	128	59946211 0FEDB18B	32.00	66734513 7773D9F4	32.00	1	2	43.00	43.00	0.00	1.00
2000	25	0.70	64	042CBE80 6B9594FC	32.00	B96B25A8 0A7BBAAF	32.00	76	896	43.00	45.00	0.00	1.00
2000	25	0.70	128	042CBE80 6B9594FC	32.00	B96B25A8 0A7BBAAF	32.00	17	1638	45.00	47.00	1.00	3.00
2000	25	0.90	64	042CBE80 6B9594FC	32.00	B96B25A8 0A7BBAAF	32.00	200	15	48.00	47.00	1.00	0.00
2000	25	0.90	128	042CBE80 6B9594FC	32.00	B96B25A8 0A7BBAAF	32.00	136	14	48.00	48.00	0.00	0.00
2000	25	1.10	64	3FC15D85 3618B7F7	0.00	B6CEE92D 080FF62A	0.00	2000	2000	53.00	53.00	6.00	6.00
2000	30	0.10	64	198FD014 4FEA4388	32.00	B6CEE92D 080FF62A	32.00	1	1	53.00	53.00	0.00	0.00
2000	30	0.10	128	198FD014 4FEA4388	32.00	B6CEE92D 080FF62A	32.00	1	1	53.00	53.00	1.00	1.00
2000	30	0.30	64	634303B9 0A9F4FB3	32.00	57973E04 68C7A303	32.00	1	1	54.00	54.00	0.00	0.00
2000	30	0.30	128	634303B9 0A9F4FB3	32.00	57973E04 68C7A303	32.00	1	1	54.00	54.00	0.00	0.00
2000	30	0.50	64	614303B9 089F4FB3	32.00	579736C4 68C7A343	32.00	1	1	54.00	54.00	0.00	0.00
2000	30	0.50	128	614303B9 089F4FB3	32.00	579736C4 68C7A343	32.00	1	1	54.00	54.00	0.00	0.00
2000	30	0.70	64	042CBE80 6B9594FC	32.00	B96B25A8 0A7BBAAF	32.00	560	15	55.00	54.00	1.00	0.00
2000	30	0.70	128	042CBE80 6B9594FC	32.00	B96B25A8 0A7BBAAF	32.00	144	14	55.00	55.00	0.00	0.00
2000	30	0.90	64	042CBE80 6B9594FC	32.00	B96B25A8 0A7BBAAF	32.00	79	14	55.00	55.00	1.00	1.00
2000	30	0.90	128	042CBE80 6B9594FC	32.00	B96B25A8 0A7BBAAF	32.00	21	10	56.00	55.00	0.00	0.00
2000	30	1.10	64	F5251CE1 7C7CF8DB	0.00	BC90C01F 0DCD5CF8	0.00	2000	2000	60.00	60.00	5.00	5.00
2000	35	0.10	64	4E27B0E0 2592A4DC	32.00	BC90C01F 0DCD5CF8	32.00	1	1	60.00	60.00	0.00	0.00
1000	10	0.10	64	4E27B0E0 2592A4DC	32.00	BC90C01F 0DCD5CF8	32.00	1	1	60.00	60.00	0.00	0.00
1000	10	0.10	128	4E27B0E0 2592A4DC	32.00	BC90C01F 0DCD5CF8	32.00	1	1	60.00	60.00	0.00	0.00
1000	10	0.30	64	4E27B0E0 2592A4DC	32.00	BC90C01F 0DCD5CF8	32.00	1	1	60.00	60.00	0.00	0.00
1000	10	0.30	128	4E27B0E0 2592A4DC	32.00	BC90C01F 0DCD5CF8	32.00	1	1	60.00	60.00	0.00	0.00
1000	10	0.50	64	6E27B0E0 0592A4DC	32.00	BC90C01F 0DCD5CF8	32.00	1	1	60.00	60.00	0.00	0.00
1000	10	0.50	128	6E27B0E0 0592A4DC	32.00	BC90C01F 0DCD5CF8	32.00	1	1	60.00	60.00	0.00	0.00
1000	10	0.70	64	042CBE80 6B9594FC	32.00	B96B25A8 0A7BBAAF	32.00	11	85	60.00	61.00	1.00	1.00
1000	10	0.70	128	042CBE80 6B9594FC	32.00	B96B25A8 0A7BBAAF	32.00	17	21	61.00	61.00	0.00	0.00
1000	10	0.90	64	042CBE80 6B9594FC	32.00	B96B25A8 0A7BBAAF	32.00	17	21	61.00	61.00	1.00	1.00
1000	10	0.90	128	042CBE80 6B9594FC	32.00	B96B25A8 0A7BBAAF	32.00	144	10	62.00	61.00	0.00	0.00
1000	10	1.10	64	FCED5E7A 7454B4F2	0.00	C25C5741 138AC3C6	0.00	1000	1000	67.00	67.00	6.00	6.00
1000	15	0.10	64	F3DF0F3D 7B3B062F	32.00	C25C5741 138AC3C6	32.00	1	1	67.00	67.00	0.00	0.00
1000	15	0.10	128	F3DF0F3D 7B3B062F	32.00	C25C5741 138AC3C6	32.00	1	1	67.00	67.00	0.00	0.00
1000	15	0.30	64	F3DF0F3D 7B3B062F	32.00	C25C5741 138AC3C6	32.00	1	1	67.00	67.00	0.00	0.00
1000	15	0.30	128	F3DF0F3D 7B3B062F	32.00	C25C5741 138AC3C6	32.00	1	1	67.00	67.00	0.00	0.00
1000	15	0.50	64	13DF0F3D 5B3B062F	32.00	C25C5771 138AC3D6	32.00	1	1	67.00	67.00	0.00	0.00
1000	15	0.50	128	13DF0F3D 5B3B062F	32.00	C25C5771 138AC3D6	32.00	1	1	67.00	67.00	0.00	0.00
1000	15	0.70	64	042CBE80 6B9594FC	32.00	B96B25A8 0A7BBAAF	32.00	705	80	70.00	67.00	4.00	1.00
1000	15	0.70	128	042CBE80 6B9594FC	32.00	B96B25A8 0A7BBAAF	32.00	146	12	71.00	71.00	1.00	1.00
1000	15	0.90	64	042CBE80 6B9594FC	32.00	B96B25A8 0A7BBAAF	32.00	19	974	71.00	74.00	0.00	4.00
1000	15	0.90	128	042CBE80 6B9594FC	32.00	B96B25A8 0A7BBAAF	32.00	15	15	74.00	74.00	0.00	0.00
1000	15	1.10	64	4C3194EB 238880E1	0.00	2B7F9673 7CDE8AD4	0.00	1000	1000	79.00	79.00	5.00	5.00
1000	20	0.10	64	3AB8650A 3121B082	32.00	4C47A2A9 5D9637AE	32.00	1	1	79.00	79.00	0.00	0.00
1000	20	0.10	128	3AB8650A 3121B082	32.00	4C47A2A9 5D9637AE	32.00	1	1	79.00	79.00	0.00	0.00
1000	20	0.30	64	3AB8650A 3121B082	32.00	4C47A2A9 5D9637AE	32.00	1	1	79.00	79.00	0.00	0.00
1000	20	0.30	128	3AB8650A 3121B082	32.00	4C47A2A9 5D9637AE	32.00	1	1	79.00	79.00	0.00	0.00
1000	20	0.50	64	3AB8650C 3121B080	32.00	4C47A2A9 5D9637AE	32.00	2	1	79.00	79.00	0.00	0.00
1000	20	0.50	128	3AB8650C 3121B080	32.00	4C47A2A9 5D9637AE	32.00	2	1	79.00	79.00	0.00	0.00
1000	20	0.70	64	042CBE80 6B9594FC	32.00	6A3F15A8 3BA00AAF	13.00	17	1000	79.00	81.00	0.00	2.00
1000	20	0.70	128	042CBE80 6B9594FC	32.00	B96B25A8 0A7BBAAF	32.00	146	142	82.00	82.00	1.00	1.00
1000	20	0.90	64	042CBE80 6B9594FC	32.00	B96B25A8 0A7BBAAF	32.00	73	14	82.00	82.00	1.00	0.00
1000	20	0.90	128	042CBE80 6B9594FC	32.00	B96B25A8 0A7BBAAF	32.00	14	16	82.00	82.00	0.00	0.00
1000	20	1.10	64	69163947 00841C35	0.00	5212819B 63539E7C	0.00	1000	1000	86.00	86.00	4.00	4.00
1000	25	0.10	64	707041E6 06CA11D6	32.00	5212819B 63539E7C	32.00	1	1	86.00	86.00	0.00	0.00
1000	25	0.10	128	707041E6 06CA11D6	32.00	5212819B 63539E7C	32.00	1	1	86.00	86.00	0.00	0.00
1000	25	0.30	64	707041E6 06CA11D6	32.00	5212819B 63539E7C	32.00	1	1	86.00	86.00	0.00	0.00
1000	25	0.30	128	707041E6 06CA11D6	32.00	5212819B 63539E7C	32.00	1	1	86.00	86.00	0.00	0.00
1000	25	0.50	64	707041E6 06CA11D6	32.00	5212819B 63539E7C	32.00	1	1	86.00	86.00	0.00	0.00
1000	25	0.50	128	707041E6 06CA11D6	32.00	5212819B 63539E7C	32.00	1	1	86.00	86.00	0.00	0.00
1000	25	0.70	64	042CBE80 6B9594FC	32.00	B96B25A8 0A7BBAAF	32.00	18	847	86.00	88.00	1.00	2.00
1000	25	0.70	128	042CBE80 6B9594FC	32.00	B46C380D 057AA50A	1.00	19	1000	88.00	89.00	0.00	2.00
1000	25	0.90	64	042CBE80 6B9594FC	32.00	B96B25A8 0A7BBAAF	32.00	639	16	90.00	89.00	1.00	0.00
1000	25	0.90	128	042CBE80 6B9594FC	32.00	B96B25A8 0A7BBAAF	32.00	18	10	91.00	91.00	1.00	0.00
1000	25	1.10	64	0B56C1A8 61C39424	0.00	57D618CD 6911054A	0.00	1000	1000	93.00	93.00	3.00	3.00
1000	30	0.10	64	60BA9458 17277F54	32.00	789E2D23 49C8B224	32.00	1	1	93.00	93.00	0.00	0.00
1000	30	0.10	128	60BA9458 17277F54	32.00	789E2D23 49C8B224	32.00	1	1	93.00	93.00	0.00	0.00
1000	30	0.30	64	60BA9458 17277F54	32.00	789E2D23 49C8B224	32.00	1	1	93.00	93.00	0.00	0.00
1000	30	0.30	128	60BA9458 17277F54	32.00	789E2D23 49C8B224	32.00	1	1	93.00	94.00	0.00	0.00
1000	30	0.50	64	609A9758 17077E54	32.00	7A9E2D23 4BC8B224	32.00	2	1	94.00	94.00	0.00	0.00
1000	30	0.50	128	609A9758 17077E54	32.00	7A9E2D23 4BC8B224	32.00	2	1	94.00	94.00	0.00	0.00
1000	30	0.70	64	042CBE80 6B9594FC	32.00	B96B25A8 0A7BBAAF	32.00	19	785	94.00	95.00	1.00	2.00
1000	30	0.70	128	63D6F3A0 0B43621C	6.00	B96B25A8 0A7BBAAF	32.00	1000	395	96.00	96.00	1.00	1.00
1000	30	0.90	64	042CBE80 6B9594FC	32.00	B96B25A8 0A7BBAAF	32.00	77	11	96.00	96.00	1.00	1.00
1000	30	0.90	128	042CBE80 6B9594FC	32.00	B96B25A8 0A7BBAAF	32.00	16	17	97.00	97.00	0.00	0.00
1000	30	1.10	64	216649D5 47D3C9C7	0.00	5D8F6F3F 6ECE6C18	0.00	1000	1000	99.00	99.00	3.00	3.00
1000	35	0.10	64	3BBF810F 321AD47D	32.00	5D8F6F3F 6ECE6C18	32.00	1	1	99.00	99.00	0.00	0.00
2000	10	0.10	64	3BBF810F 321AD47D	32.00	5D8F6F3F 6ECE6C18	32.00	1	1	99.00	99.00	0.00	0.00
2000	10	0.10	128	3BBF810F 321AD47D	32.00	5D8F6F3F 6ECE6C18	32.00	1	1	99.00	99.00	0.00	0.00
2000	10	0.30	64	3BBF810F 321AD47D	32.00	5D8F6F3F 6ECE6C18	32.00	1	1	99.00	99.00	0.00	0.00
2000	10	0.30	128	3BBF810F 321AD47D	32.00	5D8F6F3F 6ECE6C18	32.00	1	1	99.00	99.00	0.00	0.00
2000	10	0.50	64	3BBF810F 321AD47D	32.00	5D8F6F3F 6ECE6C18	32.00	1	1	99.00	99.00	0.00	0.00
2000	10	0.50	128	3BBF810F 321AD47D	32.00	5D8F6F3F 6ECE6C18	32.00	1	1	99.00	99.00	0.00	0.00
2000	10	0.70	64	042CBE80 6B9594FC	32.00	B96B25A8 0A7BBAAF	32.00	82	914	100.00	103.00	1.00	5.00
2000	10	0.70	128	042CBE80 6B9594FC	32.00	B96B25A8 0A7BBAAF	32.00	147	19	104.00	103.00	1.00	0.00
2000	10	0.90	64	042CBE80 6B9594FC	32.00	B96B25A8 0A7BBAAF	32.00	14	17	104.00	104.00	0.00	0.00
2000	10	0.90	128	042CBE80 6B9594FC	32.00	B96B25A8 0A7BBAAF	32.00	14	17	104.00	105.00	1.00	1.00
2000	10	1.10	64	F1BA5F9E 7827B60E	0.00	8B75DBC5 1C704042	0.00	2000	2000	114.00	114.00	12.00	12.00
2000	15	0.10	64	662F5828 0D8ABBA4	32.00	8B75DBC5 1C704042	32.00	1	1	114.00	115.00	0.00	0.00
2000	15	0.10	128	662F5828 0D8ABBA4	32.00	8B75DBC5 1C704042	32.00	1	1	115.00	115.00	0.00	0.00
2000	15	0.30	64	662F5828 0D8ABBA4	32.00	8B75DBC5 1C704042	32.00	1	1	115.00	115.00	0.00	0.00
2000	15	0.30	128	662F5828 0D8ABBA4	32.00	8B75DBC5 1C704042	32.00	1	1	115.00	115.00	0.00	0.00
2000	15	0.50	64	6E2F5828 058ABBA4	32.00	8B75DBC5 1C704042	32.00	1	1	115.00	115.00	0.00	0.00
2000	15	0.50	128	6E2F5828 058ABBA4	32.00	8B75DBC5 1C704042	32.00	1	1	115.00	115.00	0.00	0.00
2000	15	0.70	64	042CBE80 6B9594FC	32.00	B96B25A8 0A7BBAAF	32.00	18	83	115.00	115.00	0.00	1.00
2000	15	0.70	128	042CBE80 6B9594FC	32.00	B96B25A8 0A7BBAAF	32.00	15	19	115.00	115.00	0.00	0.00
2000	15	0.90	64	042CBE80 6B9594FC	32.00	B96B25A8 0A7BBAAF	32.00	15	19	116.00	116.00	1.00	1.00
2000	15	0.90	128	042CBE80 6B9594FC	32.00	B96B25A8 0A7BBAAF	32.00	147	15	116.00	116.00	1.00	0.00
2000	15	1.10	64	038D617B 69F4B3F1	0.00	B4A312F6 05C40751	0.00	2000	2000	125.00	125.00	10.00	10.00
2000	20	0.10	64	625DF9D0 08BC59CC	32.00	B4A312F6 05C40751	32.00	1	1	125.00	125.00	0.00	0.00
2000	20	0.10	128	625DF9D0 08BC59CC	32.00	B4A312F6 05C40751	32.00	1	1	125.00	125.00	0.00	0.00
2000	20	0.30	64	625DF9D0 08BC59CC	32.00	B4A312F6 05C40751	32.00	1	1	125.00	125.00	0.00	0.00
2000	20	0.30	128	625DF9D0 08BC59CC	32.00	B4A312F6 05C40751	32.00	1	1	125.00	125.00	1.00	1.00
2000	20	0.50	64	0C08EF86 637165F6	32.00	556B272D 667BB42A	32.00	1	1	125.00	125.00	0.00	0.00
2000	20	0.50	128	0C08EF86 637165F6	32.00	556B272D 667BB42A	32.00	1	1	125.00	125.00	0.00	0.00
2000	20	0.70	64	042CBE80 6B9594FC	32.00	B96B25A8 0A7BBAAF	32.00	14	803	125.00	127.00	0.00	2.00
2000	20	0.70	128	042CBE80 6B9594FC	32.00	B96B25A8 0A7BBAAF	32.00	144	913	127.00	129.00	0.00	2.00
2000	20	0.90	64	042CBE80 6B9594FC	32.00	B96B25A8 0A7BBAAF	32.00	12	17	129.00	129.00	0.00	0.00
2000	20	0.90	128	042CBE80 6B9594FC	32.00	B96B25A8 0A7BBAAF	32.00	12	17	129.00	129.00	0.00	1.00
2000	20	1.10	64	FB347E5E 728DD54E	0.00	7E8E5EDE 4FCF7B39	0.00	2000	2000	136.00	136.00	9.00	9.00
2000	25	0.10	64	F1EA4554 79581048	32.00	9F56B334 30872813	32.00	1	1	136.00	136.00	0.00	0.00
2000	25	0.10	128	F1EA4554 79581048	32.00	9F56B334 30872813	32.00	1	1	136.00	136.00	0.00	0.00
2000	25	0.30	64	F1EA4554 79581048	32.00	9F56B334 30872813	32.00	1	1	136.00	136.00	0.00	0.00
2000	25	0.30	128	F1EA4554 79581048	32.00	9F56B334 30872813	32.00	1	1	136.00	136.00	0.00	0.00
2000	25	0.50	64	31EA4554 39581048	32.00	9F56B334 30872813	32.00	1	1	136.00	136.00	0.00	0.00
2000	25	0.50	128	31EA4554 39581048	32.00	9F56B334 30872813	32.00	1	1	136.00	136.00	0.00	0.00
2000	25	0.70	64	042CBE80 6B9594FC	32.00	B96B25A8 0A7BBAAF	32.00	14	18	136.00	137.00	0.00	1.00
2000	25	0.70	128	042CBE80 6B9594FC	32.00	B96B25A8 0A7BBAAF	32.00	145	14	137.00	137.00	0.00	0.00
2000	25	0.90	64	042CBE80 6B9594FC	32.00	B96B25A8 0A7BBAAF	32.00	88	14	137.00	137.00	1.00	1.00
2000	25	0.90	128	042CBE80 6B9594FC	32.00	B96B25A8 0A7BBAAF	32.00	142	1581	138.00	140.00	1.00	4.00
2000	25	1.10	64	11357204 588CE178	0.00	A7C2DDCF 39234248	0.00	2000	2000	145.00	145.00	6.00	6.00
2000	30	0.10	64	336DB356 39D4A246	32.00	A7C2DDCF 39234248	32.00	1	1	145.00	145.00	0.00	0.00
2000	30	0.10	128	336DB356 39D4A246	32.00	A7C2DDCF 39234248	32.00	1	1	145.00	145.00	0.00	0.00
2000	30	0.30	64	336DB356 39D4A246	32.00	A7C2DDCF 39234248	32.00	1	1	145.00	145.00	0.00	1.00
2000	30	0.30	128	FD3066FC 7489AE70	32.00	888BF225 19DAEF22	32.00	1	1	145.00	145.00	0.00	0.00
2000	30	0.50	64	FD3066FC 7489AE70	32.00	888BF225 19DAEF22	32.00	1	1	145.00	145.00	0.00	0.00
2000	30	0.50	128	FD3066FC 7489AE70	32.00	888BF225 19DAEF22	32.00	1	1	145.00	145.00	0.00	0.00
2000	30	0.70	64	042CBE80 6B9594FC	32.00	B96B25A8 0A7BBAAF	32.00	16	397	146.00	146.00	0.00	1.00
2000	30	0.70	128	042CBE80 6B9594FC	32.00	B96B25A8 0A7BBAAF	32.00	1100	13	147.00	146.00	1.00	0.00
2000	30	0.90	64	042CBE80 6B9594FC	32.00	B96B25A8 0A7BBAAF	32.00	74	16	148.00	147.00	0.00	0.00
2000	30	0.90	128	042CBE80 6B9594FC	32.00	B96B25A8 0A7BBAAF	32.00	141	16	148.00	148.00	1.00	1.00
2000	30	1.10	64	031284DF 6A6FD0CD	0.00	8E4DC917 1F9855F0	0.00	2000	2000	152.00	152.00	5.00	5.00
2000	35	0.10	64	23C843C8 4A320FC4	32.00	8E4DC917 1F9855F0	32.00	1	1	152.00	152.00	0.00	0.00
3000	10	0.10	64	23C843C8 4A320FC4	32.00	8E4DC917 1F9855F0	32.00	1	1	152.00	152.00	0.00	0.00
3000	10	0.10	128	23C843C8 4A320FC4	32.00	8E4DC917 1F9855F0	32.00	1	1	152.00	152.00	0.00	0.00
3000	10	0.30	64	23C843C8 4A320FC4	32.00	8E4DC917 1F9855F0	32.00	1	1	152.00	152.00	0.00	0.00
3000	10	0.30	128	23C843C8 4A320FC4	32.00	8E4DC917 1F9855F0	32.00	1	1	152.00	152.00	0.00	0.00
3000	10	0.50	64	13C843C8 5A320FC4	32.00	8E4DC917 1F9855F0	32.00	1	1	152.00	152.00	0.00	0.00
3000	10	0.50	128	13C843C8 5A320FC4	32.00	8E4DC917 1F9855F0	32.00	1	1	152.00	152.00	0.00	0.00
3000	10	0.70	64	042CBE80 6B9594FC	32.00	B96B25A8 0A7BBAAF	32.00	16	335	153.00	154.00	1.00	2.00
3000	10	0.70	128	042CBE80 6B9594FC	32.00	B96B25A8 0A7BBAAF	32.00	267	15	155.00	154.00	1.00	0.00
3000	10	0.90	64	042CBE80 6B9594FC	32.00	B96B25A8 0A7BBAAF	32.00	75	16	155.00	155.00	0.00	0.00
3000	10	0.90	128	042CBE80 6B9594FC	32.00	B96B25A8 0A7BBAAF	32.00	143	16	156.00	155.00	1.00	1.00
3000	10	1.10	64	299DF9FA 3FFC5972	0.00	A2AEA146 33AF3DC1	0.00	3000	3000	171.00	171.00	25.00	25.00
3000	15	0.10	64	F94DA519 70B47093	32.00	C377F5BC 1466EA9B	32.00	1	1	171.00	171.00	0.00	0.00
3000	15	0.10	128	F94DA519 70B47093	32.00	C377F5BC 1466EA9B	32.00	1	1	171.00	171.00	0.00	0.00
3000	15	0.30	64	F94DA519 70B47093	32.00	C377F5BC 1466EA9B	32.00	1	1	171.00	171.00	0.00	0.00
3000	15	0.30	128	F94DA519 70B47093	32.00	C377F5BC 1466EA9B	32.00	1	1	171.00	171.00	0.00	0.00
3000	15	0.50	64	F94DA519 70B47093	32.00	C377F5BC 1466EA9B	32.00	1	1	171.00	171.00	0.00	0.00
3000	15	0.50	128	F94DA519 70B47093	32.00	C377F5BC 1466EA9B	32.00	1	1	171.00	171.00	0.00	0.00
3000	15	0.70	64	042CBE80 6B9594FC	32.00	B96B25A8 0A7BBAAF	32.00	83	13	171.00	171.00	1.00	0.00
3000	15	0.70	128	042CBE80 6B9594FC	32.00	B96B25A8 0A7BBAAF	32.00	14	2012	172.00	178.00	0.00	10.00
3000	15	0.90	64	042CBE80 6B9594FC	32.00	B96B25A8 0A7BBAAF	32.00	18	462	178.00	179.00	0.00	2.00
3000	15	0.90	128	042CBE80 6B9594FC	32.00	B96B25A8 0A7BBAAF	32.00	271	14	180.00	180.00	1.00	0.00
3000	15	1.10	64	389367F6 3EEEAB66	0.00	58F0AF38 69ED2C1F	0.00	3000	3000	193.00	193.00	16.00	16.00
3000	20	0.10	64	1B8E761F 51EBDD8D	32.00	58F0AF38 69ED2C1F	32.00	1	1	193.00	193.00	0.00	0.00
3000	20	0.10	128	1B8E761F 51EBDD8D	32.00	58F0AF38 69ED2C1F	32.00	1	1	193.00	193.00	0.00	0.00
3000	20	0.30	64	1B8E761F 51EBDD8D	32.00	58F0AF38 69ED2C1F	32.00	1	1	193.00	193.00	0.00	0.00
3000	20	0.30	128	1B8E761F 51EBDD8D	32.00	58F0AF38 69ED2C1F	32.00	1	1	193.00	193.00	0.00	0.00
3000	20	0.50	64	613969C4 08A0E9B8	32.00	7DBA441E 4EA4D8F9	32.00	1	1	193.00	193.00	0.00	0.00
3000	20	0.50	128	613969C4 08A0E9B8	32.00	7DBA441E 4EA4D8F9	32.00	1	1	193.00	193.00	0.00	0.00
3000	20	0.70	64	042CBE80 6B9594FC	32.00	B96B25A8 0A7BBAAF	32.00	18	15	193.00	193.00	0.00	0.00
3000	20	0.70	128	042CBE80 6B9594FC	32.00	B96B25A8 0A7BBAAF	32.00	18	15	194.00	194.00	1.00	1.00
3000	20	0.90	64	042CBE80 6B9594FC	32.00	B96B25A8 0A7BBAAF	32.00	13	17	194.00	194.00	0.00	0.00
3000	20	0.90	128	042CBE80 6B9594FC	32.00	B96B25A8 0A7BBAAF	32.00	13	17	194.00	194.00	1.00	1.00
3000	20	1.10	64	006C33A6 76D62216	0.00	67183025 7846AD22	0.00	3000	3000	204.00	204.00	17.00	17.00
3000	25	0.10	64	01A984EE 6810D0DE	32.00	67183025 7846AD22	32.00	1	1	204.00	204.00	0.00	0.00
3000	25	0.10	128	01A984EE 6810D0DE	32.00	67183025 7846AD22	32.00	1	1	204.00	204.00	0.00	0.00
3000	25	0.30	64	01A984EE 6810D0DE	32.00	67183025 7846AD22	32.00	1	1	204.00	204.00	0.00	0.00
3000	25	0.30	128	01A984EE 6810D0DE	32.00	67183025 7846AD22	32.00	1	1	204.00	204.00	0.00	0.00
3000	25	0.50	64	01A884E6 6811D0D6	32.00	66D83025 7806AD22	32.00	3	1	204.00	204.00	0.00	0.00
3000	25	0.50	128	01A884E6 6811D0D6	32.00	66D83025 7806AD22	32.00	3	1	205.00	204.00	1.00	1.00
3000	25	0.70	64	042CBE80 6B9594FC	32.00	B96B25A8 0A7BBAAF	32.00	76	837	205.00	206.00	0.00	2.00
3000	25	0.70	128	042CBE80 6B9594FC	32.00	B96B25A8 0A7BBAAF	32.00	17	401	206.00	207.00	0.00	1.00
3000	25	0.90	64	042CBE80 6B9594FC	32.00	B96B25A8 0A7BBAAF	32.00	16	17	207.00	207.00	0.00	0.00
3000	25	0.90	128	042CBE80 6B9594FC	32.00	B96B25A8 0A7BBAAF	32.00	16	17	207.00	207.00	1.00	1.00
3000	25	1.10	64	0CBC1A4C 6325F940	0.00	536CB2BF 64792798	0.00	3000	3000	215.00	215.00	13.00	13.00
3000	30	0.10	64	626E67E1 08CBABDB	32.00	74364795 4530D472	32.00	1	1	216.00	216.00	0.00	0.00
3000	30	0.10	128	626E67E1 08CBABDB	32.00	74364795 4530D472	32.00	1	1	216.00	216.00	0.00	0.00
3000	30	0.30	64	626E67E1 08CBABDB	32.00	74364795 4530D472	32.00	1	1	216.00	216.00	0.00	0.00
3000	30	0.30	128	626E67E1 08CBABDB	32.00	74364795 4530D472	32.00	1	1	216.00	216.00	0.00	0.00
3000	30	0.50	64	0C195D97 6380B805	32.00	94FD9CCB 25E8814C	32.00	1	1	216.00	216.00	0.00	0.00
3000	30	0.50	128	0C195D97 6380B805	32.00	94FD9CCB 25E8814C	32.00	1	1	216.00	216.00	0.00	0.00
3000	30	0.70	64	042CBE80 6B9594FC	32.00	B96B25A8 0A7BBAAF	32.00	77	782	216.00	217.00	0.00	2.00
3000	30	0.70	128	042CBE80 6B9594FC	32.00	B96B25A8 0A7BBAAF	32.00	18	12	217.00	217.00	1.00	1.00
3000	30	0.90	64	042CBE80 6B9594FC	32.00	B96B25A8 0A7BBAAF	32.00	11	16	218.00	218.00	0.00	0.00
3000	30	0.90	128	042CBE80 6B9594FC	32.00	B96B25A8 0A7BBAAF	32.00	11	16	218.00	218.00	1.00	1.00
3000	30	1.10	64	56A69ADB 1D137AD1	0.00	BE21D3FC 0F3C485B	0.00	3000	3000	224.00	224.00	9.00	9.00
3000	35	0.10	64	3747FF3F 3EB2562D	32.00	BE21D3FC 0F3C485B	32.00	1	1	224.00	224.00	0.00	0.00
4000	10	0.10	64	3747FF3F 3EB2562D	32.00	BE21D3FC 0F3C485B	32.00	1	1	224.00	224.00	0.00	0.00
4000	10	0.10	128	3747FF3F 3EB2562D	32.00	BE21D3FC 0F3C485B	32.00	1	1	224.00	224.00	0.00	0.00
4000	10	0.30	64	3747FF3F 3EB2562D	32.00	BE21D3FC 0F3C485B	32.00	1	1	224.00	224.00	0.00	0.00
4000	10	0.30	128	3747FF3F 3EB2562D	32.00	BE21D3FC 0F3C485B	32.00	1	1	224.00	224.00	0.00	0.00
4000	10	0.50	64	F747FF3F 7EB2562D	32.00	BE21D3FC 0F3C485B	32.00	1	1	224.00	224.00	0.00	0.00
4000	10	0.50	128	F747FF3F 7EB2562D	32.00	BE21D3FC 0F3C485B	32.00	1	1	224.00	224.00	0.00	0.00
4000	10	0.70	64	042CBE80 6B9594FC	32.00	B96B25A8 0A7BBAAF	32.00	76	16	225.00	225.00	1.00	1.00
4000	10	0.70	128	042CBE80 6B9594FC	32.00	B96B25A8 0A7BBAAF	32.00	142	1697	226.00	232.00	1.00	11.00
4000	10	0.90	64	042CBE80 6B9594FC	32.00	B96B25A8 0A7BBAAF	32.00	19	211	232.00	233.00	0.00	1.00
4000	10	0.90	128	042CBE80 6B9594FC	32.00	B96B25A8 0A7BBAAF	32.00	144	19	234.00	233.00	1.00	0.00
4000	10	1.10	64	5C19AA0F 1380A97D	0.00	9AEED5E6 2BEF4A61	0.00	4000	4000	254.00	254.00	26.00	26.00
4000	15	0.10	64	029DD8DD 68FC3CCF	32.00	9AEED5E6 2BEF4A61	32.00	1	1	254.00	254.00	0.00	0.00
4000	15	0.10	128	029DD8DD 68FC3CCF	32.00	9AEED5E6 2BEF4A61	32.00	1	1	254.00	254.00	0.00	0.00
4000	15	0.30	64	0C9DD8DD 62FC3CCF	32.00	9AEED5E6 2BEF4A61	32.00	1	1	254.00	254.00	0.00	0.00
4000	15	0.30	128	0C9DD8DD 62FC3CCF	32.00	9AEED5E6 2BEF4A61	32.00	1	1	254.00	254.00	0.00	0.00
4000	15	0.50	64	0C9DD8DD 62FC3CCF	32.00	9AEED5E6 2BEF4A61	32.00	1	1	254.00	254.00	0.00	1.00
4000	15	0.50	128	6E48CA82 05B148FA	32.00	BBB7E2DC 0CA6F73B	32.00	1	1	254.00	254.00	0.00	0.00
4000	15	0.70	64	042CBE80 6B9594FC	32.00	B96B25A8 0A7BBAAF	32.00	14	15	254.00	254.00	0.00	0.00
4000	15	0.70	128	042CBE80 6B9594FC	32.00	B96B25A8 0A7BBAAF	32.00	14	15	254.00	254.00	0.00	0.00
4000	15	0.90	64	042CBE80 6B9594FC	32.00	B96B25A8 0A7BBAAF	32.00	14	15	255.00	255.00	1.00	1.00
4000	15	0.90	128	042CBE80 6B9594FC	32.00	B96B25A8 0A7BBAAF	32.00	17	1874	255.00	261.00	0.00	9.00
4000	15	1.10	64	F711258F 7E68EFFD	0.00	B309DACA 04543F4D	0.00	4000	4000	277.00	277.00	23.00	23.00
4000	20	0.10	64	409A7AF9 3707DA73	32.00	B309DACA 04543F4D	32.00	1	1	277.00	278.00	0.00	0.00
4000	20	0.10	128	409A7AF9 3707DA73	32.00	B309DACA 04543F4D	32.00	1	1	278.00	278.00	0.00	0.00
4000	20	0.30	64	409A7AF9 3707DA73	32.00	B309DACA 04543F4D	32.00	1	1	278.00	278.00	0.00	0.00
4000	20	0.30	128	409A7AF9 3707DA73	32.00	B309DACA 04543F4D	32.00	1	1	278.00	278.00	0.00	0.00
4000	20	0.50	64	609A7AF9 1707DA73	32.00	B309DACA 04543F4D	32.00	1	1	278.00	278.00	0.00	0.00
4000	20	0.50	128	609A7AF9 1707DA73	32.00	B309DACA 04543F4D	32.00	1	1	278.00	278.00	1.00	1.00
4000	20	0.70	64	042CBE80 6B9594FC	32.00	B96B25A8 0A7BBAAF	32.00	529	922	280.00	281.00	3.00	4.00
4000	20	0.70	128	042CBE80 6B9594FC	32.00	B96B25A8 0A7BBAAF	32.00	139	13	282.00	282.00	1.00	1.00
4000	20	0.90	64	042CBE80 6B9594FC	32.00	B96B25A8 0A7BBAAF	32.00	21	16	282.00	282.00	0.00	0.00
4000	20	0.90	128	042CBE80 6B9594FC	32.00	B96B25A8 0A7BBAAF	32.00	21	16	282.00	282.00	1.00	1.00
4000	20	1.10	64	3EEE6FB3 364BE3A9	0.00	6519BBB7 76442090	0.00	4000	4000	296.00	296.00	18.00	18.00
4000	25	0.10	64	FB4C0B24 72B60A98	32.00	6519BBB7 76442090	32.00	1	1	296.00	296.00	0.00	0.00
4000	25	0.10	128	FB4C0B24 72B60A98	32.00	6519BBB7 76442090	32.00	1	1	296.00	296.00	0.00	0.00
4000	25	0.30	64	FB4C0B24 72B60A98	32.00	6519BBB7 76442090	32.00	1	1	296.00	296.00	0.00	0.00
4000	25	0.30	128	FB4C0B24 72B60A98	32.00	6519BBB7 76442090	32.00	1	1	296.00	296.00	0.00	0.00
4000	25	0.50	64	FC4C0B24 73B60A98	32.00	6519BBB7 76442090	32.00	1	1	296.00	296.00	0.00	0.00
4000	25	0.50	128	FC4C0B24 73B60A98	32.00	6519BBB7 76442090	32.00	1	1	296.00	296.00	0.00	0.00
4000	25	0.70	64	042CBE80 6B9594FC	32.00	B96B25A8 0A7BBAAF	32.00	15	846	297.00	298.00	0.00	2.00
4000	25	0.70	128	042CBE80 6B9594FC	32.00	B96B25A8 0A7BBAAF	32.00	272	400	299.00	299.00	2.00	2.00
4000	25	0.90	64	042CBE80 6B9594FC	32.00	B96B25A8 0A7BBAAF	32.00	22	16	299.00	299.00	0.00	0.00
4000	25	0.90	128	042CBE80 6B9594FC	32.00	B96B25A8 0A7BBAAF	32.00	22	16	299.00	299.00	1.00	1.00
4000	25	1.10	64	486FF8AA 2ECA5B22	0.00	92F8E85D 23E5F4BA	0.00	4000	4000	310.00	310.00	14.00	14.00
4000	30	0.10	64	27BC21CD 4E25F1BF	32.00	92F8E85D 23E5F4BA	32.00	1	1	310.00	310.00	0.00	0.00
4000	30	0.10	128	27BC21CD 4E25F1BF	32.00	92F8E85D 23E5F4BA	32.00	1	1	310.00	310.00	0.00	0.00
4000	30	0.30	64	27BC21CD 4E25F1BF	32.00	92F8E85D 23E5F4BA	32.00	1	1	310.00	310.00	0.00	0.00
4000	30	0.30	128	27BC21CD 4E25F1BF	32.00	92F8E85D 23E5F4BA	32.00	1	1	311.00	311.00	0.00	0.00
4000	30	0.50	64	27CC21CD 4E35F1BF	32.00	92F8E85D 23E5F4BA	32.00	2	1	311.00	311.00	0.00	0.00
4000	30	0.50	128	27CC21CD 4E35F1BF	32.00	92F8E85D 23E5F4BA	32.00	2	1	311.00	311.00	0.00	0.00
4000	30	0.70	64	042CBE80 6B9594FC	32.00	B96B25A8 0A7BBAAF	32.00	82	820	311.00	312.00	1.00	2.00
4000	30	0.70	128	042CBE80 6B9594FC	32.00	B96B25A8 0A7BBAAF	32.00	14	18	312.00	312.00	0.00	0.00
4000	30	0.90	64	042CBE80 6B9594FC	32.00	B96B25A8 0A7BBAAF	32.00	14	18	312.00	312.00	1.00	1.00
4000	30	0.90	128	042CBE80 6B9594FC	32.00	B96B25A8 0A7BBAAF	32.00	12	15	313.00	313.00	0.00	0.00
4000	30	1.10	64	FE08BFA2 7571961A	0.00	BC2D1F4E 0D39BBC9	0.00	4000	4000	321.00	321.00	10.00	10.00
4000	35	0.10	64	21EAC575 49578FE7	32.00	BC2D1F4E 0D39BBC9	32.00	1	1	321.00	321.00	0.00	1.00
5000	10	0.10	64	6DB5B99A 040C9C12	32.00	5CF473A5 6DF168A2	32.00	1	1	321.00	321.00	0.00	0.00
